%YAML:1.0
---
image_width: 640
image_height: 480
camera_name: camera
camera_matrix: !!opencv-matrix
  rows: 3
  cols: 3
  dt: d
  data: [615.18977,   0.     , 302.68069,
           0.     , 618.10421, 262.7918 ,
           0.     ,   0.     ,   1.     ]
distortion_model: plumb_bob
distortion_coefficients: !!opencv-matrix
  rows: 1
  cols: 5
  dt: d
  data: [-0.441199, 0.219900, -0.002512, 0.006867, 0.000000]
rectification_matrix:
  rows: 3
  cols: 3
  data: [1., 0., 0.,
         0., 1., 0.,
         0., 0., 1.]
projection_matrix:
  rows: 3
  cols: 4
  data: [634.28027,   0.     , 377.65636,   0.     ,
           0.     , 657.57086, 235.29558,   0.     ,
           0.     ,   0.     ,   1.     ,   0.     ]
